{
    "abco": 0.3043158773825757,
    "ba": 0.9192965272814035,
    "cs": 0.7374899051403423,
    "da": 0.9139011654660749,
    "de": 0.9838335812091827,
    "dummy": 0.25343610532581806,
    "fa": 0.7765688337385654,
    "ga": 0.052263347432017326,
    "goa": 0.9192965272814035,
    "gwo": 0.25343610532581806,
    "pso": 0.4426974815264153,
    "woa": 0.1459994912147522
}