{
    "abco": 0.8287043486737333,
    "ba": 0.39305018074810505,
    "cs": 0.034536734223365784,
    "da": 0.026228994131088257,
    "de": 0.052263347432017326,
    "dummy": 0.7051207826903947,
    "fa": 3.7904828786849976e-06,
    "ga": 0.003475155681371689,
    "goa": 2.0798295736312866e-05,
    "gwo": 0.9676735773682594,
    "pso": 1.0609626770019531e-05,
    "woa": 0.28008678182959557
}