{
    "abco": 0.370740607380867,
    "ba": 0.7303419969975948,
    "cs": 0.007612137123942375,
    "da": 0.15188691951334476,
    "de": 5.973502993583679e-06,
    "dummy": 0.11933915928245385,
    "fa": 0.013663241639733315,
    "ga": 0.7765688337385654,
    "goa": 0.685047073289752,
    "gwo": 0.2621222734451294,
    "pso": 0.28936620615422726,
    "woa": 5.973502993583679e-06
}