{
    "abco": 0.3002412845490545,
    "ba": 0.8758827315333,
    "cs": 0.0001304544250680275,
    "da": 1.862645149230957e-09,
    "de": 5.321826524614072e-06,
    "dummy": 1.862645149230957e-09,
    "fa": 1.862645149230957e-09,
    "ga": 7.07521509871713e-05,
    "goa": 3.5390257835388184e-08,
    "gwo": 0.3456309015416187,
    "pso": 1.862645149230957e-09,
    "woa": 0.00010959500143605876
}