{
    "abco": 0.7921590935438871,
    "ba": 0.4801419182702782,
    "cs": 0.523693821067416,
    "da": 0.2583877520983171,
    "de": 0.5253778945151413,
    "dummy": 0.30543542483710484,
    "fa": 0.046657880982344205,
    "ga": 0.2071799104333979,
    "goa": 0.21876590275831753,
    "gwo": 0.9515264742076397,
    "pso": 0.027968546482352936,
    "woa": 0.02718162098922358
}